=== Micromouse Log Data (CSV Format) ===
Total entries: 658
CSV Format: timestamp,target_omega,actual_omega,p_term_omega,i_term_omega,d_term_omega,motor_out_r,motor_out_l
--- CSV Data Start ---
11985,1.240,0.122,2.752,0.000,0.000,2.752,2.752
11986,1.250,0.122,5.752,0.000,-0.000,5.752,5.752
11987,1.260,0.061,8.874,0.000,-0.000,8.874,8.874
11988,1.270,0.183,11.630,0.000,-0.000,11.630,11.630
11989,1.280,0.122,14.752,0.000,-0.000,14.752,14.752
11990,1.290,0.061,17.874,0.000,-0.000,17.874,17.874
11991,1.300,0.061,20.874,0.000,-0.000,20.874,20.874
11992,1.310,-0.000,23.996,0.000,-0.000,23.996,23.996
11993,1.320,0.183,26.630,0.000,-0.000,26.630,26.630
11994,1.330,0.244,29.508,0.000,-0.000,29.508,29.508
11995,1.340,0.244,32.508,0.000,-0.000,32.508,32.508
11996,1.350,0.183,35.630,0.000,-0.000,35.630,35.630
11997,1.360,0.061,38.874,0.000,-0.000,38.874,38.874
11998,1.370,-0.000,41.996,0.000,-0.000,41.996,41.996
11999,1.380,0.061,44.874,0.000,-0.000,44.874,44.874
12000,1.390,0.122,47.752,0.000,-0.000,47.752,47.752
12001,1.400,-0.061,51.118,0.000,-0.000,51.118,51.118
12002,1.410,-0.000,53.996,0.000,-0.000,53.996,53.996
12003,1.420,0.061,56.874,0.000,-0.000,56.874,56.874
12004,1.430,0.122,59.752,0.000,-0.000,59.752,59.752
12005,1.440,0.061,62.874,0.000,-0.000,62.874,62.874
12006,1.450,0.061,65.874,0.000,-0.000,65.874,65.874
12007,1.460,0.183,68.630,0.000,-0.000,68.630,68.630
12008,1.470,0.122,71.752,0.000,-0.000,71.752,71.752
12009,1.480,-0.000,74.996,0.000,-0.000,74.996,74.996
12010,1.490,0.061,77.874,0.000,-0.000,77.874,77.874
12011,1.500,0.122,80.752,0.000,-0.000,80.752,80.752
12012,1.510,0.061,83.874,0.000,-0.000,83.874,83.874
12013,1.520,-0.000,86.996,0.000,-0.000,86.996,86.996
12014,1.530,-0.061,90.118,0.000,-0.000,90.118,90.118
12015,1.540,-0.000,92.996,0.000,-0.000,92.996,92.996
12016,1.550,0.122,95.752,0.000,-0.000,95.752,95.752
12017,1.560,0.183,98.630,0.000,-0.000,98.630,98.630
12018,1.570,0.061,101.874,0.000,-0.000,101.874,101.874
12019,1.580,-0.061,105.118,0.000,-0.000,105.118,105.118
12020,1.590,-0.122,108.240,0.000,-0.000,108.240,108.240
12021,1.600,-0.000,110.996,0.000,-0.000,110.996,110.996
12022,1.610,0.122,113.752,0.000,-0.000,113.752,113.752
12023,1.620,0.061,116.874,0.000,-0.000,116.874,116.874
12024,1.630,0.122,119.752,0.000,-0.000,119.752,119.752
12025,1.640,0.183,122.630,0.000,-0.000,122.630,122.630
12026,1.650,0.183,125.630,0.000,-0.000,125.630,125.630
12027,1.660,-0.000,128.996,0.000,-0.000,128.996,128.996
12028,1.670,-0.061,132.118,0.000,-0.000,132.118,132.118
12029,1.680,0.122,134.752,0.000,-0.000,134.752,134.752
12030,1.690,0.244,137.508,0.000,-0.000,137.508,137.508
12031,1.700,0.061,140.874,0.000,-0.000,140.874,140.874
12032,1.710,0.061,143.874,0.000,-0.000,143.874,143.874
12033,1.720,0.122,146.752,0.000,-0.000,146.752,146.752
12034,1.730,0.122,149.752,0.000,-0.000,149.752,149.752
12035,1.740,-0.000,152.996,0.000,-0.000,152.996,152.996
12036,1.750,0.061,155.874,0.000,-0.000,155.874,155.874
12037,1.760,0.122,158.752,0.000,-0.000,158.752,158.752
12038,1.770,0.305,161.386,0.000,-0.000,161.386,161.386
12039,1.780,0.244,164.508,0.000,-0.000,164.508,164.508
12040,1.790,0.122,167.752,0.000,-0.000,167.752,167.752
12041,1.800,0.183,170.630,0.000,-0.000,170.630,170.630
12042,1.810,0.061,173.874,0.000,-0.000,173.874,173.874
12043,1.820,-0.000,176.996,0.000,-0.000,176.996,176.996
12044,1.830,-0.061,180.118,0.000,-0.000,180.118,180.118
12045,1.840,-0.061,183.118,0.000,-0.000,183.118,183.118
12046,1.850,0.061,185.874,0.000,-0.000,185.874,185.874
12047,1.860,0.122,188.752,0.000,-0.000,188.752,188.752
12048,1.870,-0.000,191.996,0.000,-0.000,191.996,191.996
12049,1.880,-0.000,194.996,0.000,-0.000,194.996,194.996
12050,1.890,-0.000,197.996,0.000,-0.000,197.996,197.996
12051,1.900,-0.000,200.996,0.000,-0.000,200.996,200.996
12052,1.910,0.244,203.508,0.000,-0.000,203.508,203.508
12053,1.920,0.305,206.386,0.000,-0.000,206.386,206.386
12054,1.930,0.122,209.752,0.000,-0.000,209.752,209.752
12055,1.940,0.061,212.874,0.000,-0.000,212.874,212.874
12056,1.950,0.183,215.630,0.000,-0.000,215.630,215.630
12057,1.960,0.122,218.752,0.000,-0.000,218.752,218.752
12058,1.970,0.183,221.630,0.000,-0.000,221.630,221.630
12059,1.980,0.244,224.508,0.000,-0.000,224.508,224.508
12060,1.990,0.183,227.630,0.000,-0.000,227.630,227.630
12061,2.000,0.244,230.508,0.000,-0.000,230.508,230.508
12062,2.010,0.183,233.630,0.000,-0.000,233.630,233.630
12063,2.020,0.061,236.874,0.000,-0.000,236.874,236.874
12064,2.030,0.061,239.874,0.000,-0.000,239.874,239.874
12065,2.040,0.061,242.874,0.000,-0.000,242.874,242.874
12066,2.050,0.244,245.508,0.000,-0.000,245.508,245.508
12067,2.060,0.244,248.508,0.000,-0.000,248.508,248.508
12068,2.070,0.183,251.630,0.000,-0.000,251.630,251.630
12069,2.080,0.122,254.752,0.000,-0.000,254.752,254.752
12070,2.090,0.183,257.630,0.000,-0.000,257.630,257.630
12071,2.100,0.061,260.874,0.000,-0.000,260.874,260.874
12072,2.110,-0.000,263.996,0.000,-0.000,263.996,263.996
12073,2.120,0.122,266.752,0.000,-0.000,266.752,266.752
12074,2.130,0.183,269.630,0.000,-0.000,269.630,269.630
12075,2.140,0.122,272.752,0.000,-0.000,272.752,272.752
12076,2.150,0.061,275.874,0.000,-0.000,275.874,275.874
12077,2.160,0.122,278.752,0.000,-0.000,278.752,278.752
12078,2.170,0.061,281.874,0.000,-0.000,281.874,281.874
12079,2.180,0.122,284.752,0.000,-0.000,284.752,284.752
12080,2.190,0.122,287.752,0.000,-0.000,287.752,287.752
12081,2.200,0.061,290.874,0.000,-0.000,290.874,290.874
12082,2.210,-0.000,293.996,0.000,-0.000,293.996,293.996
12083,2.220,-0.000,296.996,0.000,-0.000,296.996,296.996
12084,2.230,0.244,299.508,0.000,-0.000,299.508,299.508
12085,2.240,0.244,302.508,0.000,-0.000,302.508,302.508
12086,2.250,0.061,305.874,0.000,-0.000,305.874,305.874
12087,2.260,-0.000,308.996,0.000,-0.000,308.996,308.996
12088,2.270,-0.000,311.996,0.000,-0.000,311.996,311.996
12089,2.280,0.122,314.752,0.000,-0.000,314.752,314.752
12090,2.290,0.122,317.752,0.000,-0.000,317.752,317.752
12091,2.300,0.244,320.508,0.000,-0.000,320.508,320.508
12092,2.310,0.305,323.386,0.000,-0.000,323.386,323.386
12093,2.320,-0.000,326.996,0.000,-0.000,326.996,326.996
12094,2.330,-0.000,329.996,0.000,-0.000,329.996,329.996
12095,2.340,0.061,332.874,0.000,-0.000,332.874,332.874
12096,2.350,0.122,335.752,0.000,-0.000,335.752,335.752
12097,2.360,0.122,338.752,0.000,-0.000,338.752,338.752
12098,2.370,0.061,341.874,0.000,-0.000,341.874,341.874
12099,2.380,0.061,344.874,0.000,-0.000,344.874,344.874
12100,2.390,0.061,347.874,0.000,-0.000,347.874,347.874
12101,2.400,-0.000,350.996,0.000,-0.000,350.996,350.996
12102,2.410,-0.000,353.996,0.000,-0.000,353.996,353.996
12103,2.420,-0.122,357.240,0.000,-0.000,357.240,357.240
12104,2.430,-0.122,360.240,0.000,-0.000,360.240,360.240
12105,2.440,0.122,362.752,0.000,-0.000,362.752,362.752
12106,2.450,0.122,365.752,0.000,-0.000,365.752,365.752
12107,2.460,0.061,368.874,0.000,-0.000,368.874,368.874
12108,2.470,0.183,371.630,0.000,-0.000,371.630,371.630
12109,2.480,0.305,374.386,0.000,-0.000,374.386,374.386
12110,2.490,0.244,377.508,0.000,-0.000,377.508,377.508
12111,2.500,0.061,380.874,0.000,-0.000,380.874,380.874
12112,2.510,-0.061,384.118,0.000,-0.000,384.118,384.118
12113,2.520,0.061,386.874,0.000,-0.000,386.874,386.874
12114,2.530,0.061,389.874,0.000,-0.000,389.874,389.874
12115,2.540,-0.061,393.118,0.000,-0.000,393.118,393.118
12116,2.550,-0.061,396.118,0.000,-0.000,396.118,396.118
12117,2.560,0.061,398.874,0.000,-0.000,398.874,398.874
12118,2.570,0.061,401.874,0.000,-0.000,401.874,401.874
12119,2.580,0.183,404.630,0.000,-0.000,404.630,404.630
12120,2.590,0.244,407.508,0.000,-0.000,407.508,407.508
12121,2.600,0.061,410.874,0.000,-0.000,410.874,410.874
12122,2.610,-0.000,413.996,0.000,-0.000,413.996,413.996
12123,2.620,0.061,416.874,0.000,-0.000,416.874,416.874
12124,2.630,0.061,419.874,0.000,-0.000,419.874,419.874
12125,2.640,0.122,422.752,0.000,-0.000,422.752,422.752
12126,2.650,-0.000,425.996,0.000,-0.000,425.996,425.996
12127,2.660,0.061,428.874,0.000,-0.000,428.874,428.874
12128,2.670,-0.000,431.996,0.000,-0.000,431.996,431.996
12129,2.680,-0.061,435.118,0.000,-0.000,435.118,435.118
12130,2.690,-0.122,438.240,0.000,-0.000,438.240,438.240
12131,2.700,-0.061,441.118,0.000,-0.000,441.118,441.118
12132,2.710,0.183,443.630,0.000,-0.000,443.630,443.630
12133,2.720,0.183,446.630,0.000,-0.000,446.630,446.630
12134,2.730,0.122,449.752,0.000,-0.000,449.752,449.752
12135,2.740,-0.061,453.118,0.000,-0.000,453.118,453.118
12136,2.750,0.061,455.874,0.000,-0.000,455.874,455.874
12137,2.760,0.061,458.874,0.000,-0.000,458.874,458.874
12138,2.770,0.122,461.752,0.000,-0.000,461.752,461.752
12139,2.780,0.122,464.752,0.000,-0.000,464.752,464.752
12140,2.790,0.244,467.508,0.000,-0.000,467.508,467.508
12141,2.800,0.244,470.508,0.000,-0.000,470.508,470.508
12142,2.810,0.122,473.752,0.000,-0.000,473.752,473.752
12143,2.820,0.061,476.874,0.000,-0.000,476.874,476.874
12144,2.830,0.061,479.874,0.000,-0.000,479.874,479.874
12145,2.840,0.122,482.752,0.000,-0.000,482.752,482.752
12146,2.850,0.061,485.874,0.000,-0.000,485.874,485.874
12147,2.860,-0.000,488.996,0.000,-0.000,488.996,488.996
12148,2.870,-0.000,491.996,0.000,-0.000,491.996,491.996
12149,2.880,-0.000,494.996,0.000,-0.000,494.996,494.996
12150,2.890,0.122,497.752,0.000,-0.000,497.752,497.752
12151,2.900,0.122,500.752,0.000,-0.000,500.752,500.752
12152,2.910,0.061,503.874,0.000,-0.000,503.874,503.874
12153,2.920,0.061,506.874,0.000,-0.000,506.874,506.874
12154,2.930,0.244,509.508,0.000,-0.000,509.508,509.508
12155,2.940,0.183,512.630,0.000,-0.000,512.630,512.630
12156,2.950,0.122,515.752,0.000,-0.000,515.752,515.752
12157,2.960,0.183,518.630,0.000,-0.000,518.630,518.630
12158,2.970,0.183,521.630,0.000,-0.000,521.630,521.630
12159,2.980,0.183,524.630,0.000,-0.000,524.630,524.630
12160,2.990,0.061,527.874,0.000,-0.000,527.874,527.874
12161,3.000,-0.000,530.996,0.000,-0.000,530.996,530.996
12162,3.010,0.122,533.752,0.000,-0.000,533.752,533.752
12163,3.020,0.183,536.630,0.000,-0.000,536.630,536.630
12164,3.030,0.122,539.752,0.000,-0.000,539.752,539.752
12165,3.040,-0.061,543.118,0.000,-0.000,543.118,543.118
12166,3.050,-0.000,545.996,0.000,-0.000,545.996,545.996
12167,3.060,0.183,548.630,0.000,-0.000,548.630,548.630
12168,3.070,0.183,551.630,0.000,-0.000,551.630,551.630
12169,3.080,0.183,554.630,0.000,-0.000,554.630,554.630
12170,3.090,0.122,557.752,0.000,-0.000,557.752,557.752
12171,3.100,-0.000,560.996,0.000,-0.000,560.996,560.996
12172,3.110,-0.061,564.118,0.000,-0.000,564.118,564.118
12173,3.120,-0.061,567.118,0.000,-0.000,567.118,567.118
12174,3.130,-0.061,570.118,0.000,-0.000,570.118,570.118
12175,3.140,0.183,572.630,0.000,-0.000,572.630,572.630
12176,3.150,0.183,575.630,0.000,-0.000,575.630,575.630
12177,3.160,0.061,578.874,0.000,-0.000,578.874,578.874
12178,3.170,-0.000,581.996,0.000,-0.000,581.996,581.996
12179,3.180,0.244,584.508,0.000,-0.000,584.508,584.508
12180,3.190,0.244,587.508,0.000,-0.000,587.508,587.508
12181,3.200,0.061,590.874,0.000,-0.000,590.874,590.874
12182,3.210,-0.000,593.996,0.000,-0.000,593.996,593.996
12183,3.220,-0.000,596.996,0.000,-0.000,596.996,596.996
12184,3.230,-0.061,600.118,0.000,-0.000,600.118,600.118
12185,3.240,-0.061,603.118,0.000,-0.000,603.118,603.118
12186,3.250,0.122,605.752,0.000,-0.000,605.752,605.752
12187,3.260,0.122,608.752,0.000,-0.000,608.752,608.752
12188,3.270,0.183,611.630,0.000,-0.000,611.630,611.630
12189,3.280,0.183,614.630,0.000,-0.000,614.630,614.630
12190,3.290,0.122,617.752,0.000,-0.000,617.752,617.752
12191,3.300,0.183,620.630,0.000,-0.000,620.630,620.630
12192,3.310,0.183,623.630,0.000,-0.000,623.630,623.630
12193,3.320,0.061,626.874,0.000,-0.000,626.874,626.874
12194,3.330,-0.122,630.240,0.000,-0.000,630.240,630.240
12195,3.340,0.061,632.874,0.000,-0.000,632.874,632.874
12196,3.350,0.122,635.752,0.000,-0.000,635.752,635.752
12197,3.360,0.122,638.752,0.000,-0.000,638.752,638.752
12198,3.370,0.061,641.874,0.000,-0.000,641.874,641.874
12199,3.380,-0.061,645.118,0.000,-0.000,645.118,645.118
12200,3.390,-0.122,648.240,0.000,-0.000,648.240,648.240
12201,3.400,-0.061,651.118,0.000,-0.000,651.118,651.118
12202,3.410,0.061,653.874,0.000,-0.000,653.874,653.874
12203,3.420,0.122,656.752,0.000,-0.000,656.752,656.752
12204,3.430,-0.000,659.996,0.000,-0.000,659.996,659.996
12205,3.440,0.183,662.630,0.000,-0.000,662.630,662.630
12206,3.450,0.061,665.874,0.000,-0.000,665.874,665.874
12207,3.460,-0.000,668.996,0.000,-0.000,668.996,668.996
12208,3.470,0.122,671.752,0.000,-0.000,671.752,671.752
12209,3.480,0.122,674.752,0.000,-0.000,674.752,674.752
12210,3.490,-0.061,678.118,0.000,-0.000,678.118,678.118
12211,3.500,-0.000,680.996,0.000,-0.000,680.996,680.996
12212,3.510,0.122,683.752,0.000,-0.000,683.752,683.752
12213,3.520,0.122,686.752,0.000,-0.000,686.752,686.752
12214,3.530,0.122,689.752,0.000,-0.000,689.752,689.752
12215,3.540,-0.061,693.118,0.000,-0.000,693.118,693.118
12216,3.550,-0.061,696.118,0.000,-0.000,696.118,696.118
12217,3.560,0.122,698.752,0.000,-0.000,698.752,698.752
12218,3.570,0.122,701.752,0.000,-0.000,701.752,701.752
12219,3.580,0.183,704.630,0.000,-0.000,704.630,704.630
12220,3.590,0.061,707.874,0.000,-0.000,707.874,707.874
12221,3.600,-0.061,711.118,0.000,-0.000,711.118,711.118
12222,3.610,-0.000,713.996,0.000,-0.000,713.996,713.996
12223,3.620,0.183,716.630,0.000,-0.000,716.630,716.630
12224,3.630,0.183,719.630,0.000,-0.000,719.630,719.630
12225,3.640,0.061,722.874,0.000,-0.000,722.874,722.874
12226,3.650,-0.000,725.996,0.000,-0.000,725.996,725.996
12227,3.660,-0.000,728.996,0.000,-0.000,728.996,728.996
12228,3.670,0.061,731.874,0.000,-0.000,731.874,731.874
12229,3.680,0.183,734.630,0.000,-0.000,734.630,734.630
12230,3.690,0.244,737.508,0.000,-0.000,737.508,737.508
12231,3.700,0.122,740.752,0.000,-0.000,740.752,740.752
12232,3.710,0.061,743.874,0.000,-0.000,743.874,743.874
12233,3.720,0.061,746.874,0.000,-0.000,746.874,746.874
12234,3.730,0.061,749.874,0.000,-0.000,749.874,749.874
12235,3.740,0.061,752.874,0.000,-0.000,752.874,752.874
12236,3.750,0.061,755.874,0.000,-0.000,755.874,755.874
12237,3.760,-0.000,758.996,0.000,-0.000,758.996,758.996
12238,3.770,-0.000,761.996,0.000,-0.000,761.996,761.996
12239,3.780,0.061,764.874,0.000,-0.000,764.874,764.874
12240,3.790,-0.000,767.996,0.000,-0.000,767.996,767.996
12241,3.800,0.122,770.752,0.000,-0.000,770.752,770.752
12242,3.810,0.061,773.874,0.000,-0.000,773.874,773.874
12243,3.820,0.061,776.874,0.000,-0.000,776.874,776.874
12244,3.830,0.122,779.752,0.000,-0.000,779.752,779.752
12245,3.840,0.244,782.508,0.000,-0.000,782.508,782.508
12246,3.850,0.305,785.386,0.000,-0.000,785.386,785.386
12247,3.860,15.793,757.411,0.000,-0.000,757.411,757.411
12248,3.870,0.244,791.508,0.000,-0.000,791.508,791.508
12249,3.880,0.183,794.630,0.000,-0.000,794.630,794.630
12250,3.890,0.183,797.630,0.000,-0.000,797.630,797.630
12251,3.900,0.244,800.508,0.000,-0.000,800.508,800.508
12252,3.910,0.061,803.874,0.000,-0.000,803.874,803.874
12253,3.920,0.122,806.752,0.000,-0.000,806.752,806.752
12254,3.930,0.183,809.630,0.000,-0.000,809.630,809.630
12255,3.940,0.244,812.508,0.000,-0.000,812.508,812.508
12256,3.950,0.183,815.630,0.000,-0.000,815.630,815.630
12257,3.960,0.122,818.752,0.000,-0.000,818.752,818.752
12258,3.970,0.061,821.874,0.000,-0.000,821.874,821.874
12259,3.980,0.183,824.630,0.000,-0.000,824.630,824.630
12260,3.990,0.305,827.386,0.000,-0.000,827.386,827.386
12261,4.000,0.244,830.508,0.000,-0.000,830.508,830.508
12262,4.010,-0.000,833.996,0.000,-0.000,833.996,833.996
12263,4.020,-0.000,836.996,0.000,-0.000,836.996,836.996
12264,4.030,0.061,839.874,0.000,-0.000,839.874,839.874
12265,4.040,0.122,842.752,0.000,-0.000,842.752,842.752
12266,4.050,0.183,845.630,0.000,-0.000,845.630,845.630
12267,4.060,0.122,848.752,0.000,-0.000,848.752,848.752
12268,4.070,-0.061,852.118,0.000,-0.000,852.118,852.118
12269,4.080,-0.061,855.118,0.000,-0.000,855.118,855.118
12270,4.090,0.061,857.874,0.000,-0.000,857.874,857.874
12271,4.100,0.122,860.752,0.000,-0.000,860.752,860.752
12272,4.110,0.061,863.874,0.000,-0.000,863.874,863.874
12273,4.120,0.061,866.874,0.000,-0.000,866.874,866.874
12274,4.130,0.183,869.630,0.000,-0.000,869.630,869.630
12275,4.140,0.122,872.752,0.000,-0.000,872.752,872.752
12276,4.150,0.061,875.874,0.000,-0.000,875.874,875.874
12277,4.160,-0.000,878.996,0.000,-0.000,878.996,878.996
12278,4.170,0.061,881.874,0.000,-0.000,881.874,881.874
12279,4.180,0.122,884.752,0.000,-0.000,884.752,884.752
12280,4.190,0.183,887.630,0.000,-0.000,887.630,887.630
12281,4.200,0.183,890.630,0.000,-0.000,890.630,890.630
12282,4.210,0.122,893.752,0.000,-0.000,893.752,893.752
12283,4.220,0.122,896.752,0.000,-0.000,896.752,896.752
12284,4.230,0.061,899.874,0.000,-0.000,899.874,899.874
12285,4.240,0.122,902.752,0.000,-0.000,902.752,902.752
12286,4.250,0.122,905.752,0.000,-0.000,905.752,905.752
12287,4.260,0.061,908.874,0.000,-0.000,908.874,908.874
12288,4.270,-0.061,912.118,0.000,-0.000,912.118,912.118
12289,4.280,0.122,914.752,0.000,-0.000,914.752,914.752
12290,4.290,0.244,917.508,0.000,-0.000,917.508,917.508
12291,4.300,0.244,920.508,0.000,-0.000,920.508,920.508
12292,4.310,0.183,923.630,0.000,-0.000,923.630,923.630
12293,4.320,0.061,926.874,0.000,-0.000,926.874,926.874
12294,4.330,-0.061,930.118,0.000,-0.000,930.118,930.118
12295,4.340,-0.122,933.240,0.000,-0.000,933.240,933.240
12296,4.350,-0.122,936.240,0.000,-0.000,936.240,936.240
12297,4.360,-0.000,938.996,0.000,-0.000,938.996,938.996
12298,4.370,0.061,941.874,0.000,-0.000,941.874,941.874
12299,4.380,0.122,944.752,0.000,-0.000,944.752,944.752
12300,4.390,0.061,947.874,0.000,-0.000,947.874,947.874
12301,4.400,0.122,950.752,0.000,-0.000,950.752,950.752
12302,4.410,0.122,953.752,0.000,-0.000,953.752,953.752
12303,4.420,0.122,956.752,0.000,-0.000,956.752,956.752
12304,4.430,-0.000,959.996,0.000,-0.000,959.996,959.996
12305,4.440,0.061,962.874,0.000,-0.000,962.874,962.874
12306,4.450,0.122,965.752,0.000,-0.000,965.752,965.752
12307,4.460,0.061,968.874,0.000,-0.000,968.874,968.874
12308,4.470,0.183,971.630,0.000,-0.000,971.630,971.630
12309,4.480,0.244,974.508,0.000,-0.000,974.508,974.508
12310,4.490,0.183,977.630,0.000,-0.000,977.630,977.630
12311,4.500,0.061,980.874,0.000,-0.000,980.874,980.874
12312,4.510,0.061,983.874,0.000,-0.000,983.874,983.874
12313,4.520,0.122,986.752,0.000,-0.000,986.752,986.752
12314,4.530,0.183,989.630,0.000,-0.000,989.630,989.630
12315,4.540,0.122,992.752,0.000,-0.000,992.752,992.752
12316,4.550,0.061,995.874,0.000,-0.000,995.874,995.874
12317,4.560,0.122,998.752,0.000,-0.000,998.752,998.752
12318,4.570,0.122,1001.752,0.000,-0.000,1001.752,1001.752
12319,4.580,-0.488,1005.972,0.000,-0.000,1005.972,1005.972
12320,4.590,9.085,989.825,0.000,-0.000,991.085,988.565
12321,4.600,100.183,810.630,0.000,-0.000,814.411,806.850
12322,4.610,212.317,589.362,0.000,-0.000,594.403,584.321
12323,4.620,296.829,423.337,0.000,-0.000,423.337,423.337
12324,4.630,371.463,277.069,0.000,-0.000,265.727,288.411
12325,4.640,421.707,179.581,0.000,-0.000,155.638,203.525
12326,4.650,465.915,94.167,0.000,-0.000,58.881,129.452
12327,4.660,528.537,-28.077,0.000,-0.000,70.924,14.769
12328,4.670,592.439,-152.882,0.000,0.000,195.729,110.035
12329,4.680,649.573,-264.150,0.000,0.000,309.517,218.783
12330,4.690,719.634,-401.272,0.000,0.000,445.379,357.166
12331,4.700,768.598,-496.199,0.000,0.000,541.566,450.832
12332,4.710,786.951,-529.906,0.000,0.000,574.013,485.800
12333,4.720,753.781,-460.565,0.000,0.000,499.631,421.499
12334,4.730,675.061,-300.126,0.000,0.000,334.151,266.101
12335,4.740,602.561,-152.126,0.000,0.000,186.151,118.101
12336,4.750,513.476,29.045,0.000,0.000,8.761,66.851
12337,4.760,460.488,138.020,0.000,-0.000,92.653,183.387
12338,4.770,427.683,206.630,0.000,-0.000,158.743,254.518
12339,4.780,414.451,236.094,0.000,-0.000,190.727,281.460
12340,4.790,419.207,229.581,0.000,-0.000,186.735,272.428
12341,4.800,440.122,190.752,0.000,-0.000,150.426,231.078
12342,4.810,483.415,107.167,0.000,-0.000,66.841,147.493
12343,4.820,534.756,7.484,0.000,-0.000,31.582,46.550
12344,4.830,565.305,-50.614,0.000,-0.000,84.639,16.589
12345,4.840,555.854,-28.711,0.000,0.000,60.216,2.793
12346,4.850,534.268,17.459,0.000,0.000,16.566,51.484
12347,4.860,524.695,39.606,0.000,-0.000,14.402,64.809
12348,4.870,507.256,77.484,0.000,-0.000,54.801,100.167
12349,4.880,487.439,120.118,0.000,-0.000,97.435,142.801
12350,4.890,477.622,142.752,0.000,-0.000,118.809,166.696
12351,4.900,478.476,144.045,0.000,-0.000,126.402,161.687
12352,4.910,488.537,126.923,0.000,-0.000,113.061,140.785
12353,4.920,498.841,109.313,0.000,-0.000,91.671,126.956
12354,4.930,520.183,69.630,0.000,-0.000,54.508,84.752
12355,4.940,541.890,29.215,0.000,-0.000,16.614,41.817
12356,4.950,549.878,16.240,0.000,-0.000,8.679,23.801
12357,4.960,541.037,36.923,0.000,-0.000,31.882,41.963
12358,4.970,531.341,59.313,0.000,-0.000,55.533,63.093
12359,4.980,528.659,67.679,0.000,-0.000,66.419,68.939
12360,4.990,525.671,76.655,0.000,-0.000,79.175,74.134
12361,5.000,516.463,98.069,0.000,-0.000,104.370,91.768
12362,5.010,502.988,128.020,0.000,-0.000,135.582,120.459
12363,5.020,496.098,144.801,0.000,-0.000,154.883,134.719
12364,5.030,497.927,144.142,0.000,-0.000,158.005,130.280
12365,5.040,498.354,146.289,0.000,-0.000,163.932,128.646
12366,5.050,500.061,145.874,0.000,-0.000,160.997,130.751
12367,5.060,518.841,111.313,0.000,-0.000,127.696,94.930
12368,5.070,547.805,56.386,0.000,-0.000,76.550,36.223
12369,5.080,566.585,21.825,0.000,-0.000,49.550,5.900
12370,5.090,576.707,4.581,0.000,-0.000,36.087,26.924
12371,5.100,551.220,58.557,0.000,-0.000,90.062,27.052
12372,5.110,547.134,69.728,0.000,-0.000,103.753,35.702
12373,5.120,546.098,74.801,0.000,-0.000,111.347,38.255
12374,5.130,538.171,93.655,0.000,-0.000,133.981,53.328
12375,5.140,525.000,122.996,0.000,-0.000,165.843,80.149
12376,5.150,520.305,135.386,0.000,-0.000,179.494,91.279
12377,5.160,521.768,135.459,0.000,-0.000,182.087,88.832
12378,5.170,521.951,138.094,0.000,-0.000,185.981,90.206
12379,5.180,525.061,134.874,0.000,-0.000,180.242,89.506
12380,5.190,543.476,101.045,0.000,-0.000,147.673,54.417
12381,5.200,574.573,41.850,0.000,-0.000,93.518,9.819
12382,5.210,586.646,20.703,0.000,-0.000,77.413,36.006
12383,5.220,593.354,10.289,0.000,-0.000,66.998,46.421
12384,5.230,563.963,72.069,0.000,-0.000,128.779,15.360
12385,5.240,559.085,84.825,0.000,-0.000,144.055,25.595
12386,5.250,555.305,95.386,0.000,-0.000,155.876,34.896
12387,5.260,544.695,119.606,0.000,-0.000,182.616,56.595
12388,5.270,534.878,142.240,0.000,-0.000,205.250,79.229
12389,5.280,534.268,146.459,0.000,-0.000,206.949,85.969
12390,5.290,547.073,123.850,0.000,-0.000,186.860,60.839
12391,5.300,563.902,93.191,0.000,-0.000,159.982,26.400
12392,5.310,576.707,70.581,0.000,-0.000,138.633,2.530
12393,5.320,583.841,59.313,0.000,-0.000,128.624,9.998
12394,5.330,584.085,61.825,0.000,-0.000,129.876,6.226
12395,5.340,580.915,71.167,0.000,-0.000,140.478,1.855
12396,5.350,579.268,77.459,0.000,-0.000,146.771,8.148
12397,5.360,582.622,73.752,0.000,-0.000,143.064,4.441
12398,5.370,585.000,71.996,0.000,-0.000,141.307,2.685
12399,5.380,579.451,86.094,0.000,-0.000,154.145,18.042
12400,5.390,572.500,102.996,0.000,-0.000,171.047,34.945
12401,5.400,571.524,107.947,0.000,-0.000,175.998,39.896
12402,5.410,576.585,100.825,0.000,-0.000,168.876,32.774
12403,5.420,580.854,95.289,0.000,-0.000,162.080,28.498
12404,5.430,580.549,98.898,0.000,-0.000,166.950,30.847
12405,5.440,577.805,107.386,0.000,-0.000,174.177,40.595
12406,5.450,579.695,106.606,0.000,-0.000,170.876,42.335
12407,5.460,586.341,96.313,0.000,-0.000,160.584,32.042
12408,5.470,591.341,89.313,0.000,-0.000,153.584,25.042
12409,5.480,590.488,94.020,0.000,-0.000,155.771,32.270
12410,5.490,587.012,103.972,0.000,-0.000,165.722,42.221
12411,5.500,584.512,111.972,0.000,-0.000,171.202,52.742
12412,5.510,586.281,111.435,0.000,-0.000,169.405,53.465
12413,5.520,593.293,100.411,0.000,-0.000,155.860,44.961
12414,5.530,600.061,89.874,0.000,-0.000,145.323,34.425
12415,5.540,601.890,89.215,0.000,-0.000,142.145,36.286
12416,5.550,600.366,95.264,0.000,-0.000,146.933,43.595
12417,5.560,599.512,99.972,0.000,-0.000,146.600,53.343
12418,5.570,601.281,99.435,0.000,-0.000,143.543,55.327
12419,5.580,603.232,98.533,0.000,-0.000,141.380,55.685
12420,5.590,603.293,101.411,0.000,-0.000,141.738,61.084
12421,5.600,602.500,105.996,0.000,-0.000,145.063,66.929
12422,5.610,602.439,109.118,0.000,-0.000,144.404,73.832
12423,5.620,604.085,108.825,0.000,-0.000,140.331,77.319
12424,5.630,607.805,104.386,0.000,-0.000,133.372,75.401
12425,5.640,610.610,101.777,0.000,-0.000,126.981,76.572
12426,5.650,609.329,107.337,0.000,-0.000,130.022,84.653
12427,5.660,603.659,121.679,0.000,-0.000,141.843,101.515
12428,5.670,598.476,135.045,0.000,-0.000,151.428,118.661
12429,5.680,599.268,136.459,0.000,-0.000,151.583,121.336
12430,5.690,603.720,130.557,0.000,-0.000,140.640,120.474
12431,5.700,607.561,122.874,0.000,-0.000,130.436,115.312
12432,5.710,609.756,118.484,0.000,-0.000,121.005,115.962
12433,5.720,608.293,121.411,0.000,-0.000,121.412,121.410
12434,5.730,605.732,126.533,0.000,-0.000,124.013,129.052
12435,5.740,604.756,128.484,0.000,-0.000,122.184,134.784
12436,5.750,605.061,127.874,0.000,-0.000,116.534,139.215
12437,5.760,605.793,126.411,0.000,-0.000,110.029,142.792
12438,5.770,605.793,126.411,0.000,-0.000,104.989,147.833
12439,5.780,608.171,121.655,0.000,-0.000,97.712,145.597
12440,5.790,610.427,117.142,0.000,-0.000,88.159,146.126
12441,5.800,606.951,124.094,0.000,-0.000,90.069,158.118
12442,5.810,599.329,139.337,0.000,-0.000,101.533,177.142
12443,5.820,593.171,151.655,0.000,-0.000,110.069,193.240
12444,5.830,592.134,153.728,0.000,-0.000,105.842,201.614
12445,5.840,596.585,144.825,0.000,-0.000,91.898,197.752
12446,5.850,599.390,139.215,0.000,-0.000,83.768,194.663
12447,5.860,597.805,142.386,0.000,-0.000,80.638,204.134
12448,5.870,594.207,149.581,0.000,-0.000,84.053,215.110
12449,5.880,593.110,151.777,0.000,-0.000,81.207,222.346
12450,5.890,590.732,156.533,0.000,-0.000,80.922,232.143
12451,5.900,586.037,165.923,0.000,-0.000,86.532,245.314
12452,5.910,582.683,172.630,0.000,-0.000,88.198,257.062
12453,5.920,580.183,177.630,0.000,-0.000,86.897,268.363
12454,5.930,580.000,177.996,0.000,-0.000,83.483,272.509
12455,5.940,581.646,174.703,0.000,-0.000,75.149,274.257
12456,5.950,582.988,172.020,0.000,-0.000,66.165,277.875
12457,5.960,580.854,176.289,0.000,-0.000,66.653,285.924
12458,5.970,576.585,184.825,0.000,-0.000,68.889,300.762
12459,5.980,574.024,189.947,0.000,-0.000,68.970,310.925
12460,5.990,572.622,192.752,0.000,-0.000,66.734,318.770
12461,6.000,570.793,196.411,0.000,-0.000,66.612,326.210
12462,6.010,568.354,201.289,0.000,-0.000,63.929,338.649
12463,6.020,565.244,207.508,0.000,-0.000,65.107,349.909
12464,6.030,563.171,211.655,0.000,-0.000,64.213,359.096
12465,6.040,561.341,215.313,0.000,-0.000,62.831,367.796
12466,6.050,558.902,220.191,0.000,-0.000,62.668,377.714
12467,6.060,556.037,225.923,0.000,-0.000,63.359,388.487
12468,6.070,552.439,233.118,0.000,-0.000,64.253,401.983
12469,6.080,549.878,238.240,0.000,-0.000,64.334,412.146
12470,6.090,548.354,241.289,0.000,-0.000,62.342,420.236
12471,6.100,546.341,245.313,0.000,-0.000,60.065,430.561
12472,6.110,543.537,250.923,0.000,-0.000,59.374,442.471
12473,6.120,540.549,256.898,0.000,-0.000,60.309,453.488
12474,6.130,536.829,264.337,0.000,-0.000,61.447,467.228
12475,6.140,534.085,269.825,0.000,-0.000,61.894,477.756
12476,6.150,532.317,273.362,0.000,-0.000,60.390,486.334
12477,6.160,530.488,277.020,0.000,-0.000,56.487,497.554
12478,6.170,529.390,279.215,0.000,-0.000,53.641,504.789
12479,6.180,528.415,281.167,0.000,-0.000,50.552,511.782
12480,6.190,524.878,288.240,0.000,-0.000,51.324,525.156
12481,6.200,520.549,296.898,0.000,-0.000,54.942,538.855
12482,6.210,518.293,301.411,0.000,-0.000,54.414,548.408
12483,6.220,516.646,304.703,0.000,-0.000,50.145,559.262
12484,6.230,513.476,311.045,0.000,-0.000,51.446,570.644
12485,6.240,509.756,318.484,0.000,-0.000,52.584,584.384
12486,6.250,507.134,323.728,0.000,-0.000,52.787,594.668
12487,6.260,505.854,326.289,0.000,-0.000,49.047,603.530
12488,6.270,506.037,325.923,0.000,-0.000,43.640,608.205
12489,6.280,506.646,324.703,0.000,-0.000,36.120,613.287
12490,6.290,505.976,326.045,0.000,-0.000,32.421,619.669
12491,6.300,503.049,331.898,0.000,-0.000,31.973,631.823
12492,6.310,498.537,340.923,0.000,-0.000,35.957,645.889
12493,6.320,495.732,346.533,0.000,-0.000,35.266,657.799
12494,6.330,493.659,350.679,0.000,-0.000,31.851,669.507
12495,6.340,490.305,357.386,0.000,-0.000,33.518,681.255
12496,6.350,486.829,364.337,0.000,-0.000,34.168,694.507
12497,6.360,483.659,370.679,0.000,-0.000,34.209,707.149
12498,6.370,479.939,378.118,0.000,-0.000,37.867,718.369
12499,6.380,474.146,389.703,0.000,-0.000,43.151,736.255
12500,6.390,467.988,402.020,0.000,-0.000,49.168,754.873
12501,6.400,461.707,414.581,0.000,-0.000,55.428,773.735
12502,6.410,457.744,422.508,0.000,-0.000,55.793,789.223
12503,6.420,456.707,424.581,0.000,-0.000,52.826,796.337
12504,6.430,457.012,423.972,0.000,-0.000,47.175,800.768
12505,6.440,455.366,427.264,0.000,-0.000,44.167,810.362
12506,6.450,451.890,434.215,0.000,-0.000,44.817,823.614
12507,6.460,448.659,440.679,0.000,-0.000,46.240,835.118
12508,6.470,445.671,446.655,0.000,-0.000,45.915,847.395
12509,6.480,442.866,452.264,0.000,-0.000,46.484,858.045
12510,6.490,440.793,456.411,0.000,-0.000,43.069,869.752
12511,6.500,439.085,459.825,0.000,-0.000,41.443,878.208
12512,6.510,436.341,465.313,0.000,-0.000,40.630,889.996
12513,6.520,432.927,472.142,0.000,-0.000,41.158,903.127
12514,6.530,430.000,477.996,0.000,-0.000,40.711,915.281
12515,6.540,427.683,482.630,0.000,-0.000,39.044,926.216
12516,6.550,425.183,487.630,0.000,-0.000,37.743,937.517
12517,6.560,422.866,492.264,0.000,-0.000,36.076,948.452
12518,6.570,420.732,496.533,0.000,-0.000,34.044,959.021
12519,6.580,417.683,502.630,0.000,-0.000,32.580,972.680
12520,6.590,415.061,507.874,0.000,-0.000,34.043,981.705
12521,6.600,412.927,512.142,0.000,-0.000,30.751,993.534
12522,6.610,409.512,518.972,0.000,-0.000,31.279,1006.664
12523,6.620,405.610,526.776,0.000,-0.000,34.043,1019.510
12524,6.630,399.085,539.825,0.000,-0.000,72.296,1007.355
12525,6.640,435.610,466.776,0.000,-0.000,44.614,888.939
12526,6.650,497.500,342.996,0.000,-0.000,23.718,709.710
12527,6.660,559.207,219.581,0.000,-0.000,90.423,529.586
12528,6.670,606.463,125.069,0.000,-0.000,118.145,368.284
12529,6.680,635.610,66.777,0.000,-0.000,112.168,245.721
12530,6.690,650.671,36.655,0.000,-0.000,80.540,153.849
12531,6.700,661.463,15.069,0.000,-0.000,42.896,73.035
12532,6.710,681.159,-24.321,0.000,-0.000,39.440,9.202
12533,6.720,718.659,-99.321,0.000,0.000,90.496,108.146
12534,6.730,772.988,-207.980,0.000,0.000,181.512,234.447
12535,6.740,825.610,-313.223,0.000,0.000,280.454,345.992
12536,6.750,853.598,-369.199,0.000,0.000,331.389,407.009
12537,6.760,834.390,-330.785,0.000,0.000,289.194,372.375
12538,6.770,780.610,-223.223,0.000,0.000,181.633,264.814
12539,6.780,701.037,-64.077,0.000,0.000,25.007,103.147
12540,6.790,664.634,8.728,0.000,0.000,41.497,24.041
12541,6.800,667.561,-0.126,0.000,-0.000,27.602,27.854
12542,6.810,675.183,-18.370,0.000,0.000,5.578,42.318
12543,6.820,678.293,-27.589,0.000,0.000,7.422,47.757
12544,6.830,676.463,-26.931,0.000,0.000,6.764,47.098
12545,6.840,671.890,-20.785,0.000,0.000,1.878,39.691
12546,6.850,655.305,9.386,0.000,0.000,30.814,12.041
12547,6.860,629.329,58.337,0.000,-0.000,88.586,28.089
12548,6.870,602.256,109.484,0.000,-0.000,151.074,67.893
12549,6.880,572.744,165.508,0.000,-0.000,218.441,112.576
12550,6.890,559.939,188.118,0.000,-0.000,238.530,137.706
12551,6.900,574.024,156.947,0.000,-0.000,214.920,98.974
12552,6.910,598.171,105.655,0.000,-0.000,167.408,43.901
12553,6.920,608.110,82.777,0.000,-0.000,142.010,23.543
12554,6.930,608.841,78.313,0.000,-0.000,137.546,19.080
12555,6.940,618.902,55.191,0.000,-0.000,120.725,10.343
12556,6.950,637.439,15.118,0.000,-0.000,85.693,55.457
12557,6.960,645.183,-3.370,0.000,-0.000,70.986,77.725
12558,6.970,633.476,17.045,0.000,0.000,90.140,56.051
12559,6.980,617.988,45.020,0.000,-0.000,119.376,29.335
12560,6.990,610.427,57.142,0.000,-0.000,134.018,19.734
12561,7.000,597.256,80.484,0.000,-0.000,161.140,0.173
12562,7.010,567.561,136.874,0.000,-0.000,220.051,53.697
12563,7.020,543.415,182.167,0.000,-0.000,266.604,97.730
12564,7.030,536.159,193.679,0.000,-0.000,278.116,109.242
12565,7.040,556.829,149.337,0.000,-0.000,235.035,63.640
12566,7.050,583.476,93.045,0.000,-0.000,185.043,1.047
12567,7.060,607.866,41.264,0.000,-0.000,139.563,57.035
12568,7.070,612.622,28.752,0.000,-0.000,132.092,74.588
12569,7.080,606.646,37.703,0.000,-0.000,143.563,68.157
12570,7.090,600.183,47.630,0.000,-0.000,154.750,59.490
12571,7.100,603.110,38.777,0.000,-0.000,145.897,68.344
12572,7.110,609.817,22.362,0.000,-0.000,132.003,87.279
12573,7.120,618.598,1.801,0.000,-0.000,115.222,111.620
12574,7.130,622.256,-8.516,0.000,-0.000,107.425,124.458
12575,7.140,620.549,-8.102,0.000,0.000,106.580,122.783
12576,7.150,614.512,0.972,0.000,0.000,115.653,113.710
12577,7.160,606.707,13.581,0.000,-0.000,129.523,102.360
12578,7.170,604.268,15.459,0.000,-0.000,133.922,103.003
12579,7.180,609.756,1.484,0.000,-0.000,119.946,116.978
12580,7.190,615.915,-13.833,0.000,-0.000,104.629,132.296
12581,7.200,617.439,-19.882,0.000,0.000,99.840,139.604
12582,7.210,616.281,-20.565,0.000,0.000,100.418,141.548
12583,7.220,616.585,-24.175,0.000,0.000,95.548,143.897
12584,7.230,618.598,-31.199,0.000,0.000,88.523,150.922
12585,7.240,619.634,-36.272,0.000,0.000,84.710,157.255
12586,7.250,617.866,-35.736,0.000,0.000,86.507,157.978
12587,7.260,613.415,-29.833,0.000,0.000,91.149,150.816
12589,7.270,603.171,-12.345,0.000,0.000,107.377,132.068
12590,7.280,592.988,5.020,0.000,0.000,123.483,113.442
12591,7.290,587.683,12.630,0.000,-0.000,132.353,107.092
12592,7.300,586.463,12.069,0.000,-0.000,133.052,108.913
12593,7.310,588.476,5.045,0.000,-0.000,127.287,117.198
12594,7.320,590.183,-1.370,0.000,-0.000,119.613,122.352
12595,7.330,590.854,-5.711,0.000,0.000,115.271,126.694
12596,7.340,590.244,-7.492,0.000,0.000,113.491,128.474
12597,7.350,590.061,-10.126,0.000,0.000,110.857,131.109
12598,7.360,592.012,-17.028,0.000,0.000,105.214,139.271
12599,7.370,593.659,-23.321,0.000,0.000,100.182,146.824
12600,7.380,592.988,-24.980,0.000,0.000,97.263,147.222
12601,7.390,590.427,-22.858,0.000,0.000,98.125,143.840
12602,7.400,586.463,-17.931,0.000,0.000,103.052,138.913
12603,7.410,583.415,-14.833,0.000,0.000,104.889,134.556
12604,7.420,584.146,-19.297,0.000,0.000,100.426,139.019
12605,7.430,585.854,-25.711,0.000,0.000,92.751,144.173
12606,7.440,586.098,-29.199,0.000,0.000,89.263,147.661
12607,7.450,584.878,-29.760,0.000,0.000,87.442,146.962
12608,7.460,583.537,-30.077,0.000,0.000,85.865,146.019
12609,7.470,580.488,-26.980,0.000,0.000,87.702,141.661
12610,7.480,577.439,-23.882,0.000,0.000,90.800,138.564
12611,7.490,575.915,-23.833,0.000,0.000,89.588,137.255
12612,7.500,575.061,-25.126,0.000,0.000,88.295,138.547
12613,7.510,574.146,-26.297,0.000,0.000,85.865,138.458
12614,7.520,571.829,-24.663,0.000,0.000,87.499,136.824
12615,7.530,567.073,-18.150,0.000,0.000,92.751,129.051
12616,7.540,562.683,-12.370,0.000,0.000,97.271,122.011
12617,7.550,564.207,-18.419,0.000,0.000,89.962,126.799
12618,7.560,567.317,-27.638,0.000,0.000,80.743,136.019
12619,7.570,568.415,-32.833,0.000,0.000,74.287,139.954
12620,7.580,566.037,-31.077,0.000,0.000,73.523,135.677
12621,7.590,563.354,-28.711,0.000,0.000,73.368,130.791
12622,7.600,559.817,-24.638,0.000,0.000,76.181,125.458
12623,7.610,556.524,-21.053,0.000,0.000,78.507,120.612
12624,7.620,555.122,-21.248,0.000,0.000,77.051,119.547
12625,7.630,555.122,-24.248,0.000,0.000,71.531,120.027
12626,7.640,554.085,-25.175,0.000,0.000,69.344,119.693
12627,7.650,549.268,-18.541,0.000,0.000,75.978,113.059
12628,7.660,543.171,-9.345,0.000,0.000,82.653,101.344
12629,7.670,539.512,-5.028,0.000,0.000,84.450,94.506
12630,7.680,537.866,-4.736,0.000,0.000,83.482,92.953
12631,7.690,536.402,-4.809,0.000,0.000,83.409,93.027
12632,7.700,533.902,-2.809,0.000,0.000,82.888,88.506
12633,7.710,530.915,0.167,0.000,0.000,84.604,84.270
12634,7.720,527.073,4.850,0.000,-0.000,88.027,78.327
12635,7.730,525.610,4.777,0.000,-0.000,85.433,75.880
12636,7.740,526.890,-0.785,0.000,-0.000,78.612,80.181
12637,7.750,528.598,-7.199,0.000,0.000,69.677,84.075
12638,7.760,526.951,-6.906,0.000,0.000,68.709,82.522
12639,7.770,522.744,-1.492,0.000,0.000,71.604,74.587
12640,7.780,517.378,6.240,0.000,0.000,78.075,65.595
12641,7.790,515.305,7.386,0.000,-0.000,76.701,61.929
12642,7.800,515.122,4.752,0.000,-0.000,71.547,62.042
12643,7.810,515.000,1.996,0.000,-0.000,67.530,63.538
--- CSV Data End ---
=== End of Log ===